118.81057096	31.88697124
118.81056984	31.88697232
118.81056978	31.88697338
118.81056973	31.88697458
118.81056971	31.88697586
118.81056967	31.88697678
118.81056963	31.88697794
118.81056959	31.88697906
118.81056953	31.88698019
118.81056950	31.88698133
118.81056941	31.88698247
118.81056933	31.88698362
118.81056926	31.88698471
118.81056921	31.88698579
118.81056915	31.88698686
118.81056913	31.88698791
118.81056911	31.88698891
118.81056910	31.88698993
118.81056908	31.88699094
118.81056908	31.88699195
118.81056909	31.88699295
118.81056910	31.88699394
118.81056909	31.88699492
118.81056911	31.88699591
118.81056913	31.88699691
118.81056916	31.88699788
118.81056916	31.88699886
118.81056918	31.88699986
118.81056922	31.88700085
118.81056927	31.88700182
118.81056935	31.88700281
118.81056943	31.88700381
118.81056945	31.88700479
118.81056944	31.88700579
118.81056937	31.88700678
118.81056929	31.88700779
118.81056906	31.88700882
118.81056893	31.88700983
118.81056884	31.88701086
118.81056876	31.88701187
118.81056872	31.88701290
118.81056870	31.88701392
118.81056865	31.88701493
118.81056861	31.88701593
118.81056856	31.88701695
118.81056852	31.88701796
118.81056847	31.88701896
118.81056842	31.88701995
118.81056836	31.88702096
118.81056832	31.88702197
118.81056828	31.88702296
118.81056824	31.88702395
118.81056817	31.88702492
118.81056812	31.88702592
118.81056808	31.88702692
118.81056804	31.88702791
118.81056798	31.88702889
118.81056792	31.88702990
118.81056790	31.88703090
118.81056785	31.88703189
118.81056781	31.88703287
118.81056776	31.88703387
118.81056774	31.88703486
118.81056772	31.88703586
118.81056768	31.88703683
118.81056763	31.88703780
118.81056758	31.88703878
118.81056755	31.88703976
118.81056752	31.88704075
118.81056745	31.88704175
118.81056740	31.88704275
118.81056737	31.88704374
118.81056733	31.88704474
118.81056729	31.88704574
118.81056724	31.88704675
118.81056720	31.88704774
118.81056718	31.88704875
118.81056714	31.88704975
118.81056708	31.88705075
118.81056705	31.88705174
118.81056703	31.88705274
118.81056698	31.88705373
118.81056693	31.88705472
118.81056689	31.88705572
118.81056686	31.88705672
118.81056684	31.88705771
118.81056681	31.88705870
118.81056679	31.88705970
118.81056676	31.88706070
118.81056675	31.88706170
118.81056674	31.88706268
118.81056670	31.88706367
118.81056666	31.88706466
118.81056661	31.88706566
118.81056655	31.88706664
118.81056647	31.88706763
118.81056635	31.88706862
118.81056627	31.88706962
118.81056616	31.88707062
118.81056605	31.88707161
118.81056593	31.88707261
118.81056582	31.88707358
118.81056568	31.88707455
118.81056555	31.88707552
118.81056542	31.88707648
118.81056531	31.88707745
118.81056523	31.88707844
118.81056516	31.88707941
118.81056505	31.88708038
118.81056496	31.88708134
118.81056486	31.88708232
118.81056476	31.88708329
118.81056466	31.88708427
118.81056455	31.88708524
118.81056445	31.88708620
118.81056435	31.88708717
118.81056424	31.88708815
118.81056413	31.88708911
118.81056403	31.88709008
118.81056392	31.88709105
118.81056383	31.88709204
118.81056371	31.88709304
118.81056361	31.88709404
118.81056353	31.88709505
118.81056343	31.88709604
118.81056333	31.88709704
118.81056322	31.88709804
118.81056314	31.88709903
118.81056306	31.88710002
118.81056297	31.88710102
118.81056288	31.88710201
118.81056279	31.88710301
118.81056269	31.88710400
118.81056259	31.88710498
118.81056249	31.88710595
118.81056239	31.88710693
118.81056233	31.88710789
118.81056224	31.88710886
118.81056215	31.88710983
118.81056206	31.88711080
118.81056198	31.88711176
118.81056190	31.88711273
118.81056184	31.88711369
118.81056175	31.88711467
118.81056165	31.88711566
118.81056158	31.88711664
118.81056150	31.88711763
118.81056140	31.88711862
118.81056132	31.88711961
118.81056124	31.88712060
118.81056116	31.88712158
118.81056108	31.88712256
118.81056098	31.88712354
118.81056091	31.88712453
118.81056085	31.88712551
118.81056078	31.88712649
118.81056068	31.88712748
118.81056062	31.88712846
118.81056059	31.88712945
118.81056055	31.88713043
118.81056050	31.88713141
118.81056048	31.88713241
118.81056045	31.88713339
118.81056043	31.88713438
118.81056040	31.88713537
118.81056037	31.88713637
118.81056037	31.88713737
118.81056037	31.88713838
118.81056036	31.88713939
118.81056034	31.88714038
118.81056037	31.88714139
118.81056040	31.88714239
118.81056042	31.88714339
118.81056046	31.88714439
118.81056052	31.88714539
118.81056054	31.88714638
118.81056053	31.88714737
118.81056046	31.88714837
118.81056042	31.88714937
118.81056040	31.88715036
118.81056040	31.88715135
118.81056039	31.88715235
118.81056037	31.88715335
118.81056035	31.88715435
118.81056037	31.88715536
118.81056038	31.88715636
118.81056036	31.88715737
118.81056037	31.88715838
118.81056039	31.88715939
118.81056039	31.88716039
118.81056039	31.88716139
118.81056038	31.88716239
118.81056040	31.88716338
118.81056040	31.88716438
118.81056040	31.88716538
118.81056038	31.88716637
118.81056037	31.88716736
118.81056039	31.88716835
118.81056041	31.88716934
118.81056041	31.88717035
118.81056042	31.88717134
118.81056045	31.88717233
118.81056049	31.88717333
118.81056049	31.88717432
118.81056053	31.88717532
118.81056056	31.88717632
118.81056060	31.88717731
118.81056058	31.88717831
118.81056054	31.88717932
118.81056048	31.88718032
118.81056043	31.88718133
118.81056037	31.88718233
118.81056026	31.88718334
118.81056017	31.88718435
118.81056010	31.88718535
118.81056002	31.88718636
118.81055990	31.88718738
118.81055978	31.88718839
118.81055969	31.88718941
118.81055955	31.88719042
118.81055938	31.88719143
118.81055923	31.88719243
118.81055911	31.88719343
118.81055900	31.88719444
118.81055892	31.88719546
118.81055884	31.88719647
118.81055883	31.88719749
118.81055879	31.88719849
118.81055874	31.88719949
118.81055870	31.88720048
118.81055867	31.88720147
118.81055864	31.88720245
118.81055861	31.88720343
118.81055857	31.88720442
118.81055854	31.88720541
118.81055852	31.88720638
118.81055851	31.88720738
118.81055847	31.88720837
118.81055849	31.88720937
118.81055853	31.88721035
118.81055854	31.88721135
118.81055851	31.88721235
118.81055847	31.88721335
118.81055841	31.88721434
118.81055838	31.88721535
118.81055835	31.88721634
118.81055828	31.88721736
118.81055824	31.88721836
118.81055824	31.88721935
118.81055823	31.88722035
118.81055825	31.88722137
118.81055823	31.88722237
118.81055820	31.88722339
118.81055813	31.88722441
118.81055798	31.88722541
118.81055784	31.88722642
118.81055767	31.88722742
118.81055759	31.88722842
118.81055752	31.88722941
118.81055744	31.88723042
118.81055740	31.88723142
118.81055736	31.88723242
118.81055731	31.88723342
118.81055723	31.88723443
118.81055718	31.88723544
118.81055712	31.88723644
118.81055703	31.88723744
118.81055689	31.88723842
118.81055675	31.88723942
118.81055661	31.88724041
118.81055638	31.88724142
118.81055620	31.88724242
118.81055605	31.88724343
118.81055592	31.88724445
118.81055581	31.88724546
118.81055569	31.88724646
118.81055560	31.88724748
118.81055547	31.88724848
118.81055539	31.88724948
118.81055528	31.88725048
118.81055515	31.88725149
118.81055501	31.88725250
118.81055490	31.88725351
118.81055478	31.88725451
118.81055465	31.88725551
118.81055452	31.88725653
118.81055442	31.88725753
118.81055431	31.88725852
118.81055418	31.88725952
118.81055405	31.88726052
118.81055396	31.88726151
118.81055385	31.88726251
118.81055373	31.88726351
118.81055361	31.88726452
118.81055349	31.88726551
118.81055339	31.88726650
118.81055327	31.88726750
118.81055315	31.88726850
118.81055305	31.88726949
118.81055295	31.88727051
118.81055283	31.88727152
118.81055269	31.88727253
118.81055259	31.88727356
118.81055251	31.88727456
118.81055240	31.88727557
118.81055228	31.88727657
118.81055216	31.88727756
118.81055205	31.88727856
118.81055197	31.88727957
118.81055189	31.88728056
118.81055179	31.88728156
118.81055169	31.88728256
118.81055165	31.88728355
118.81055159	31.88728455
118.81055151	31.88728555
118.81055145	31.88728655
118.81055140	31.88728755
118.81055137	31.88728857
118.81055130	31.88728958
118.81055127	31.88729060
118.81055122	31.88729160
118.81055119	31.88729261
118.81055114	31.88729362
118.81055111	31.88729461
118.81055109	31.88729560
118.81055109	31.88729659
118.81055109	31.88729757
118.81055107	31.88729857
118.81055106	31.88729957
118.81055107	31.88730057
118.81055115	31.88730158
118.81055107	31.88730259
118.81055098	31.88730359
118.81055093	31.88730461
118.81055087	31.88730561
118.81055081	31.88730662
118.81055077	31.88730762
118.81055074	31.88730863
118.81055074	31.88730962
118.81055072	31.88731065
118.81055071	31.88731166
118.81055069	31.88731266
118.81055068	31.88731365
118.81055067	31.88731459
118.81055062	31.88731552
118.81055057	31.88731678
118.81055053	31.88731788
118.81055050	31.88731886
118.81055045	31.88731998
118.81055042	31.88732092
118.81055039	31.88732188
118.81055042	31.88732281
